# .test .cputime .temperature .time_mat1 .time_mat2
1 0.001134  0.000 0.000018 0.000003
2 0.002204  0.000 0.000004 0.000003
3 0.003142 -0.974 0.000019 0.000003
4 0.004442 -0.974 0.000004 0.000004
5 0.005203 -0.974 0.000016 0.000004
6 0.006310 -0.974 0.000012 0.000004
7 0.007292 -0.487 0.000018 0.000005
8 0.008509 -0.487 0.000013 0.000005
9 0.009666 -0.974 0.000019 0.000006
10 0.010506 -0.974 0.000016 0.000007
11 0.011613  0.000 0.000020 0.000007
12 0.012630  0.000 0.000016 0.000008
13 0.013681 -0.974 0.000022 0.000009
14 0.014720 -0.487 0.000018 0.000010
15 0.015572 -0.487 0.000025 0.000012
16 0.016666 -0.974 0.000020 0.000012
17 0.017735 -0.974 0.000022 0.000015
18 0.018879 -0.487 0.000027 0.000015
19 0.019956 -0.487 0.000026 0.000017
20 0.020880  1.948 0.000030 0.000018
21 0.022323 -0.487 0.000028 0.000019
22 0.024031  0.000 0.000035 0.000021
23 0.024840  0.000 0.000031 0.000023
24 0.025015 -1.461 0.000036 0.000025
25 0.025816 -0.974 0.000035 0.000027
26 0.027026  0.487 0.000041 0.000029
27 0.028321 -0.487 0.000040 0.000031
28 0.029261  0.000 0.000045 0.000033
29 0.030350 -0.487 0.000034 0.000036
30 0.031350  0.000 0.000054 0.000038
31 0.032386  0.000 0.000039 0.000040
32 0.033589 -0.974 0.000061 0.000045
33 0.034537  0.974 0.000038 0.000046
34 0.035538  0.000 0.000058 0.000049
35 0.036493  0.487 0.000043 0.000051
36 0.037496 -0.487 0.000063 0.000054
37 0.038559  0.487 0.000047 0.000057
38 0.039455 -0.974 0.000067 0.000059
39 0.040429  0.000 0.000051 0.000064
40 0.041571  0.487 0.000072 0.000067
41 0.042917  0.000 0.000057 0.000070
42 0.043861  0.974 0.000078 0.000073
43 0.044680  0.487 0.000063 0.000078
44 0.045747 -0.487 0.000082 0.000081
45 0.053422 -0.487 0.000073 0.000086
46 0.057408 -0.487 0.000110 0.000088
47 0.051137  0.487 0.000073 0.000091
48 0.049834  0.487 0.000095 0.000094
49 0.051745  0.487 0.000079 0.000100
50 0.051564  0.487 0.000100 0.000101
51 0.053908  0.487 0.000086 0.000109
52 0.054307  1.461 0.000105 0.000112
53 0.055577 -0.487 0.000092 0.000115
54 0.056382  0.974 0.000113 0.000118
55 0.057589  0.000 0.000097 0.000123
56 0.058374  0.487 0.000117 0.000126
57 0.060583  0.974 0.000115 0.000131
58 0.060508  0.487 0.000124 0.000135
59 0.061770  0.000 0.000123 0.000139
60 0.063198  0.974 0.000132 0.000142
61 0.064097  0.974 0.000130 0.000147
62 0.065109  0.000 0.000138 0.000152
63 0.066266  0.974 0.000137 0.000157
64 0.066999  1.948 0.000144 0.000160
65 0.067691  0.974 0.000145 0.000165
66 0.068741  2.435 0.000152 0.000170
67 0.069926  1.461 0.000153 0.000175
68 0.070484  1.461 0.000162 0.000180
69 0.072204  1.461 0.000160 0.000185
70 0.079673  1.461 0.000173 0.000191
71 0.075776  0.487 0.000175 0.000196
72 0.074336  1.461 0.000174 0.000201
73 0.075883  0.487 0.000183 0.000206
74 0.076982  0.487 0.000182 0.000212
75 0.078088  1.461 0.000192 0.000218
76 0.078793  0.974 0.000237 0.000223
77 0.079529  0.487 0.000203 0.000230
78 0.081207  1.461 0.000200 0.000234
79 0.082346  1.948 0.000210 0.000241
80 0.083610  1.948 0.000211 0.000283
81 0.084267  1.948 0.000221 0.000252
82 0.085227  1.461 0.000210 0.000258
83 0.091574  2.435 0.000246 0.000268
84 0.086832  2.435 0.000220 0.000271
85 0.088068  0.487 0.000246 0.000279
86 0.089133  1.948 0.000230 0.000284
87 0.090187  0.974 0.000301 0.000328
88 0.091422  1.461 0.000283 0.000299
89 0.092655  1.461 0.000266 0.000305
90 0.093614  1.461 0.000252 0.000313
91 0.094409  0.487 0.000278 0.000319
92 0.093809  2.435 0.000263 0.000327
93 0.096538  1.948 0.000289 0.000332
94 0.097777  1.948 0.000274 0.000341
95 0.098199  1.948 0.000301 0.000365
96 0.099236  0.974 0.000285 0.000356
97 0.100248  0.000 0.000312 0.000363
98 0.101985  1.948 0.000297 0.000370
99 0.103841  2.435 0.000325 0.000390
100 0.106708  1.948 0.000308 0.000384
101 0.106622  0.974 0.000348 0.000398
102 0.108841  1.948 0.000321 0.000402
103 0.111285  1.461 0.000398 0.000407
104 0.111880  1.948 0.000334 0.000422
105 0.112814  3.409 0.000366 0.000428
106 0.112959  2.435 0.000346 0.000431
107 0.113978  2.435 0.000379 0.000441
108 0.113748  1.948 0.000359 0.000448
109 0.130019  3.409 0.000406 0.000466
110 0.119778  1.461 0.000387 0.000467
111 0.125687  2.435 0.000401 0.000522
112 0.120476  2.435 0.000443 0.000480
113 0.119746  2.435 0.000414 0.000486
114 0.120479  2.435 0.000412 0.000494
115 0.122631  2.435 0.000428 0.000505
116 0.122059  2.922 0.000470 0.000515
117 0.123706  2.435 0.000445 0.000519
118 0.125199  2.435 0.000444 0.000534
119 0.135354  2.922 0.000465 0.000553
120 0.129240  1.461 0.000502 0.000545
121 0.127511  2.435 0.000464 0.000555
122 0.129833  1.948 0.000479 0.000567
123 0.130989  3.409 0.000489 0.000573
124 0.130562  3.409 0.000493 0.000581
125 0.131239  2.435 0.000495 0.000591
126 0.132935  2.435 0.000508 0.000642
127 0.140735  2.922 0.000530 0.000645
128 0.132994  1.948 0.000525 0.000621
129 0.135411  2.922 0.000569 0.000631
130 0.137133  1.948 0.000543 0.000640
131 0.138537  2.435 0.000542 0.000650
132 0.138043  3.409 0.000559 0.000661
133 0.139426  1.948 0.000543 0.000670
134 0.140818  2.922 0.000578 0.000680
135 0.144215  2.435 0.000560 0.000730
136 0.142974  1.948 0.000599 0.000702
137 0.144908  2.435 0.000577 0.000712
138 0.145763  2.435 0.000613 0.000723
139 0.147767  2.435 0.000594 0.000734
140 0.146828  2.922 0.000633 0.000752
141 0.148215  4.383 0.000610 0.000755
142 0.149400  3.409 0.000690 0.000767
143 0.152467  3.409 0.000629 0.000777
144 0.150341  2.922 0.000663 0.000789
145 0.151602  2.922 0.000646 0.000796
146 0.165967  4.383 0.000686 0.000848
147 0.162703  3.896 0.000710 0.000862
148 0.154323  2.922 0.000707 0.000828
149 0.156726  4.870 0.000682 0.000836
150 0.157811  4.383 0.000715 0.000849
151 0.160896  3.896 0.000699 0.000859
152 0.158915  3.896 0.000738 0.000885
153 0.163667  4.383 0.000718 0.000886
154 0.168441  3.409 0.000755 0.000899
155 0.162263  3.896 0.000737 0.000910
156 0.163224  4.383 0.000774 0.000916
157 0.165452  4.383 0.000758 0.000995
158 0.164882  4.383 0.000792 0.000947
159 0.166211  4.383 0.000777 0.000965
160 0.170814  4.383 0.000872 0.000967
161 0.166649  4.383 0.000853 0.001084
162 0.170393  3.896 0.000828 0.000988
163 0.170786  3.409 0.000830 0.001002
164 0.170324  3.896 0.000896 0.001012
165 0.172459  4.383 0.000850 0.001040
166 0.174322  2.435 0.000868 0.001081
167 0.173943  3.409 0.000870 0.001076
168 0.174028  4.870 0.000896 0.001090
169 0.176469  3.896 0.000934 0.001078
170 0.176102  4.383 0.000905 0.001124
171 0.177143  3.896 0.000908 0.001122
172 0.178260  4.383 0.000918 0.001127
173 0.176983  5.357 0.000938 0.001141
174 0.179073  4.383 0.000981 0.001148
175 0.182686  4.870 0.000989 0.001169
176 0.182519  4.870 0.001049 0.001171
177 0.184972  3.896 0.000979 0.001187
178 0.184459  4.383 0.001017 0.001203
179 0.185103  3.896 0.001033 0.001225
180 0.185955  4.383 0.001007 0.001227
181 0.184737  4.383 0.001105 0.001250
182 0.196094  3.896 0.001031 0.001356
183 0.190426  4.870 0.001085 0.001273
184 0.190225  4.383 0.001039 0.001292
185 0.190247  4.383 0.001115 0.001326
186 0.192117  3.896 0.001064 0.001324
187 0.196669  4.870 0.001096 0.001342
188 0.194762  5.357 0.001086 0.001430
189 0.196743  3.896 0.001122 0.001425
190 0.194868  4.870 0.001151 0.001388
191 0.197112  4.383 0.001141 0.001401
192 0.197538  4.870 0.001135 0.001437
193 0.198354  4.870 0.001209 0.001433
194 0.200382  4.383 0.001184 0.001474
195 0.201057  4.383 0.001193 0.001468
196 0.201650  5.357 0.001267 0.001483
197 0.202666  4.870 0.001255 0.001505
198 0.203586  4.870 0.001208 0.001515
199 0.204347  5.357 0.001245 0.001579
200 0.206552  3.409 0.001231 0.001595
201 0.206050  3.409 0.001271 0.001602
202 0.208429  4.870 0.001256 0.001665
203 0.208734  5.357 0.001324 0.001617
204 0.208842  4.383 0.001322 0.001633
205 0.210250  3.896 0.001316 0.001629
206 0.225690  4.383 0.001417 0.001844
207 0.213869  5.357 0.001383 0.001668
208 0.213036  4.383 0.001382 0.001697
209 0.215340  5.357 0.001445 0.001842
210 0.215220  4.383 0.001397 0.001781
211 0.220636  5.844 0.001391 0.001746
212 0.218933  4.383 0.001434 0.001792
213 0.218806  4.383 0.001416 0.001813
214 0.219596  5.357 0.001448 0.001862
215 0.220485  4.870 0.001466 0.001861
216 0.221031  5.844 0.001452 0.001936
217 0.221757  5.844 0.001512 0.001861
218 0.223210  5.844 0.001603 0.001909
219 0.224618  5.844 0.001545 0.001989
220 0.224763  4.870 0.001512 0.001994
221 0.226098  6.818 0.001587 0.002068
222 0.226893  5.844 0.001567 0.002081
223 0.228371  4.870 0.001623 0.001998
224 0.230124  6.331 0.001642 0.002039
225 0.230482  5.844 0.001666 0.002122
226 0.231457  4.870 0.001681 0.002051
227 0.231770  5.844 0.001678 0.002086
228 0.247932  7.305 0.001623 0.002092
229 0.234947  5.844 0.001637 0.002197
230 0.236741  5.844 0.001692 0.002160
231 0.236346  5.844 0.001756 0.002166
232 0.238162  4.870 0.001738 0.002230
233 0.241074  5.844 0.001743 0.002239
234 0.239313  5.357 0.001769 0.002612
235 0.240323  4.870 0.001797 0.002329
236 0.241702  5.357 0.001800 0.002290
237 0.243249  5.357 0.001795 0.002334
238 0.244928  5.357 0.001833 0.002320
239 0.244292  5.357 0.001865 0.002545
240 0.243993  5.357 0.001957 0.002398
241 0.247132  5.357 0.001853 0.002462
242 0.248565  7.305 0.001951 0.002416
243 0.248051  5.844 0.001898 0.002561
244 0.249582  5.844 0.001938 0.002454
245 0.250474  5.357 0.001976 0.002555
246 0.251454  5.844 0.001972 0.002546
247 0.253529  5.357 0.002005 0.002514
248 0.264624  6.331 0.002096 0.003395
249 0.256017  4.870 0.002037 0.002588
250 0.254976  5.357 0.002080 0.002618
251 0.258147  4.870 0.002033 0.002760
252 0.262438  5.357 0.002113 0.002841
253 0.258530  6.331 0.002102 0.002720
254 0.258826  5.844 0.002075 0.002716
255 0.270930  4.870 0.002102 0.002840
256 0.261681  5.844 0.002241 0.002795
257 0.272077  6.331 0.002135 0.002888
258 0.262562  6.818 0.002178 0.002869
259 0.265191  5.844 0.002167 0.002960
260 0.264670  7.305 0.002255 0.002899
261 0.267379  5.357 0.002202 0.003098
262 0.267531  5.844 0.002206 0.002985
263 0.269851  6.331 0.002250 0.003115
264 0.269108  5.357 0.002341 0.003043
265 0.270602  5.844 0.002276 0.003203
266 0.271551  5.844 0.002346 0.003068
267 0.280900  5.844 0.002252 0.003160
268 0.272948  5.844 0.002329 0.003196
269 0.274018  6.818 0.002387 0.003156
270 0.275151  6.818 0.002391 0.003190
271 0.278122  7.305 0.002313 0.003250
272 0.278333  7.305 0.002423 0.003261
273 0.276409  5.844 0.002449 0.003286
274 0.278765  6.818 0.002479 0.003414
275 0.280163  5.844 0.002451 0.003354
276 0.281270  5.844 0.002452 0.003410
277 0.279126  5.844 0.002519 0.003524
278 0.282625  6.818 0.002528 0.003546
279 0.282973  7.305 0.002483 0.003520
280 0.283124  6.818 0.002487 0.003545
281 0.286092  6.818 0.002521 0.003659
282 0.285574  6.818 0.002626 0.003579
283 0.287997  6.331 0.002567 0.003639
284 0.303910  6.818 0.002609 0.004056
285 0.290606  7.305 0.002608 0.003710
286 0.290813  7.792 0.002668 0.003727
287 0.288260  6.818 0.002754 0.003831
288 0.295415  7.305 0.002737 0.003875
289 0.294336  6.818 0.002680 0.003841
290 0.294485  6.818 0.002706 0.003847
291 0.296567  6.331 0.002782 0.004096
292 0.296530  6.818 0.002845 0.003926
293 0.298953  5.844 0.002826 0.003985
294 0.298803  7.305 0.002794 0.003986
295 0.299451  7.305 0.002857 0.004151
296 0.300457  7.305 0.002835 0.004161
297 0.300217  5.844 0.002839 0.004085
298 0.299261  5.357 0.002870 0.004159
299 0.302040  6.331 0.002934 0.004170
300 0.302142  7.305 0.002904 0.004232
301 0.315103  6.818 0.002988 0.004392
302 0.307145  6.331 0.002919 0.004344
303 0.308138  7.305 0.003041 0.004369
304 0.313206  6.331 0.003137 0.004386
305 0.310638  6.331 0.003134 0.004398
306 0.313160  6.331 0.003130 0.004433
307 0.314775  5.844 0.003076 0.004407
308 0.315502  6.818 0.003119 0.004873
309 0.314815  8.279 0.003232 0.004504
310 0.314807  5.357 0.003075 0.004532
311 0.316732  7.305 0.003189 0.004692
312 0.316179  6.818 0.003142 0.004622
313 0.318829  7.792 0.003254 0.004731
314 0.317059  6.331 0.003164 0.004797
315 0.319147  7.792 0.003289 0.004730
316 0.331916  6.818 0.003241 0.004832
317 0.322873  7.792 0.003310 0.004904
318 0.323468  6.331 0.003236 0.004900
319 0.329376  7.305 0.003296 0.004913
320 0.324461  5.844 0.003454 0.005109
321 0.326221  6.818 0.003388 0.005010
322 0.326440  7.305 0.003393 0.005066
323 0.327464  5.844 0.003348 0.005108
324 0.328793  8.279 0.003436 0.005063
325 0.328066  6.818 0.003477 0.005108
326 0.331830  7.792 0.003497 0.005137
327 0.331372  7.305 0.003525 0.005232
328 0.333942  6.818 0.003509 0.005532
329 0.334278  7.305 0.003479 0.005346
330 0.334210  7.305 0.003577 0.005348
331 0.345273  7.305 0.003524 0.005483
332 0.338060  6.331 0.003653 0.005393
333 0.337966  7.305 0.003628 0.005496
334 0.341655  6.818 0.003660 0.005462
335 0.340762  6.331 0.003708 0.005557
336 0.341326  7.305 0.003699 0.005549
337 0.341751  7.792 0.003719 0.005670
338 0.342373  7.305 0.003689 0.005866
339 0.343707  7.305 0.003741 0.005664
340 0.345122  7.792 0.003813 0.005790
341 0.344717  7.305 0.003769 0.005836
342 0.348137  7.305 0.003788 0.005842
343 0.347585  7.792 0.003862 0.005985
344 0.347926  8.279 0.003829 0.006028
345 0.359453  6.331 0.003822 0.006051
346 0.350174  7.792 0.003828 0.006256
347 0.352475  7.792 0.003795 0.006182
348 0.357125  8.279 0.003983 0.006104
349 0.355684  8.279 0.003929 0.006224
350 0.355413  7.792 0.003919 0.006226
351 0.354696  7.792 0.003980 0.006214
352 0.355663  7.305 0.003983 0.006290
353 0.357328  8.279 0.003966 0.006363
354 0.358155  7.305 0.004021 0.006378
355 0.359581  8.279 0.004089 0.006442
356 0.360799  8.279 0.004161 0.006457
357 0.361288  8.279 0.004134 0.006478
358 0.362116  8.279 0.004155 0.006437
359 0.368290  6.818 0.004135 0.006522
360 0.367827  7.305 0.004159 0.006611
361 0.376764  7.305 0.004240 0.006614
362 0.367382  7.792 0.004173 0.006678
363 0.370806  6.818 0.004241 0.006767
364 0.371229  7.305 0.004384 0.006734
365 0.373429  6.818 0.004327 0.006993
366 0.375280  7.792 0.004425 0.006809
367 0.376263  8.766 0.004491 0.006896
368 0.375544  7.792 0.004507 0.006953
369 0.376462  7.792 0.004443 0.007001
370 0.378949  6.818 0.004518 0.007048
371 0.378172  7.305 0.004521 0.008013
372 0.384045  8.766 0.004455 0.007202
373 0.377742  7.305 0.004565 0.007248
374 0.383950  7.305 0.004612 0.007334
375 0.381065  8.279 0.004710 0.008384
376 0.393944  7.792 0.004667 0.007287
377 0.382221  9.253 0.004605 0.007541
378 0.382958  7.792 0.004660 0.007350
379 0.384478  7.792 0.004682 0.007471
380 0.384973  6.818 0.004688 0.007718
381 0.385342  7.792 0.004730 0.007603
382 0.388282  7.792 0.004732 0.007595
383 0.389770  6.818 0.004633 0.007691
384 0.403191  8.766 0.004730 0.007660
385 0.391454  8.766 0.004740 0.007837
386 0.390391  9.253 0.004858 0.007802
387 0.395494  7.792 0.004837 0.007764
388 0.426356  8.766 0.004837 0.008299
389 0.396132  8.279 0.004903 0.007996
390 0.396158  8.766 0.004771 0.008055
391 0.397126  8.766 0.004955 0.007957
392 0.396913  9.740 0.004863 0.008054
393 0.400272  8.766 0.005042 0.008123
394 0.398585  8.279 0.005049 0.008127
395 0.400167  7.792 0.004922 0.008154
396 0.417265  8.279 0.004982 0.008625
397 0.403729  7.792 0.005076 0.008350
398 0.404069  8.766 0.005137 0.008321
399 0.407426  8.766 0.005121 0.008472
400 0.403767  8.766 0.005246 0.008458
401 0.406158  7.792 0.005265 0.008405
402 0.436549  8.766 0.005387 0.009153
403 0.407235  9.253 0.005246 0.008529
404 0.409614  9.253 0.005311 0.008527
405 0.409960  9.253 0.005308 0.008698
406 0.408933  9.740 0.005163 0.008751
407 0.411580  7.792 0.005285 0.008717
408 0.423789  8.766 0.005364 0.008812
409 0.413664  8.766 0.005406 0.008746
410 0.418168  9.740 0.005511 0.008901
411 0.416772  8.279 0.005536 0.008969
412 0.415562  9.253 0.005466 0.008970
413 0.416289  8.279 0.005491 0.009046
414 0.420962  9.253 0.005589 0.009064
415 0.418092  8.279 0.005508 0.009168
416 0.422266 10.227 0.005670 0.009134
417 0.422050  9.253 0.005570 0.009162
418 0.424873  9.253 0.005580 0.009372
419 0.426823  8.766 0.005721 0.009721
420 0.428702  9.253 0.005691 0.009337
421 0.426687  8.766 0.005597 0.009382
422 0.431843  8.279 0.005567 0.009516
423 0.427754  9.253 0.005642 0.009434
424 0.429225  9.253 0.005684 0.009563
425 0.430869  8.766 0.005715 0.009480
426 0.432542  8.279 0.005815 0.009533
427 0.434437  8.279 0.005828 0.009916
428 0.431054  9.253 0.005827 0.009917
429 0.435906  8.766 0.005866 0.009692
430 0.435486  9.253 0.006008 0.009917
431 0.447077  8.766 0.005938 0.009848
432 0.436887  9.253 0.005969 0.010046
433 0.443139  8.766 0.006059 0.010108
434 0.440268  8.766 0.005841 0.009916
435 0.439651  8.279 0.005949 0.010117
436 0.439814  8.279 0.006068 0.010203
437 0.437504  7.792 0.006238 0.010192
438 0.444944 10.227 0.006052 0.010183
439 0.445322  8.766 0.006029 0.010360
440 0.446884  8.279 0.006059 0.010275
441 0.445188  9.740 0.006192 0.011544
442 0.453085 10.227 0.006050 0.010425
443 0.448388 10.227 0.006000 0.010407
444 0.453090 10.227 0.006177 0.010889
445 0.450601  9.740 0.006138 0.010577
446 0.453662 10.227 0.006254 0.010495
447 0.451499  9.740 0.006415 0.010694
448 0.454806  8.766 0.006244 0.010821
449 0.454740  8.766 0.006398 0.010837
450 0.458258  8.279 0.006445 0.010847
451 0.458170  9.253 0.006336 0.010862
452 0.468720  8.766 0.006495 0.010802
453 0.458460 10.714 0.006457 0.010929
454 0.467986  8.766 0.006483 0.011007
455 0.462155  9.740 0.006366 0.010959
456 0.461838  9.740 0.006565 0.011064
457 0.463608  8.766 0.006808 0.011303
458 0.462524  9.253 0.006623 0.011222
459 0.465497  8.766 0.006625 0.011267
460 0.463270  8.766 0.006665 0.011277
461 0.466166  9.740 0.006663 0.011345
462 0.471519  9.253 0.006799 0.011711
463 0.472406  9.253 0.006778 0.011448
464 0.470942  8.766 0.006847 0.011580
465 0.474810  9.740 0.006716 0.011716
466 0.471319 10.227 0.006880 0.011765
467 0.476021  9.740 0.006929 0.011666
468 0.476996 10.227 0.006983 0.011746
469 0.479555  9.253 0.006968 0.011687
470 0.480007  9.740 0.006944 0.011949
471 0.479012  9.740 0.006734 0.011894
472 0.483230  9.740 0.007102 0.011972
473 0.491211  9.740 0.007044 0.012058
474 0.483790  9.253 0.007122 0.011944
475 0.495054  9.253 0.007064 0.012178
476 0.490248  9.740 0.007215 0.012270
477 0.493302  9.740 0.007197 0.012122
478 0.495000  9.253 0.007194 0.012424
479 0.496348 10.227 0.007244 0.012383
480 0.496924  8.766 0.007164 0.012333
481 0.495528  9.740 0.007282 0.012286
482 0.518882  8.766 0.007309 0.012766
483 0.498436  9.253 0.007379 0.012436
484 0.511439  9.253 0.007346 0.012734
485 0.504055  9.740 0.007174 0.012741
486 0.504848  9.253 0.007433 0.012680
487 0.507909  9.253 0.007283 0.012710
488 0.506145  9.253 0.007281 0.012974
489 0.509244  9.253 0.007370 0.012916
490 0.508687  8.766 0.007329 0.012939
491 0.512900 10.227 0.007443 0.012927
492 0.519905 10.227 0.007375 0.013085
493 0.517877  9.740 0.007435 0.013081
494 0.519556 10.227 0.007503 0.013171
495 0.517889 10.714 0.007563 0.013192
496 0.520348 10.227 0.007515 0.013294
497 0.517462  9.253 0.007650 0.013266
498 0.523064  9.740 0.007839 0.013384
499 0.522379 10.227 0.007674 0.013356
500 0.527342  9.740 0.007587 0.013512
